u
mean:   1.798767611343132
std:   4.007460181519746

v
mean:   -0.22582199192293773
std:   4.547199114786244

